precise: 0.786207
recall: 0.844444
Fsocre: 0.814286


precise: 0.96798
recall: 0.933492
Fsocre: 0.950423


precise: 0.968974
recall: 0.964371
Fsocre: 0.966667